 This filter had 3 additional steps with w= 16
Filter order: 5.
Number of inputs: 1 
Number of outputs: 1 
Input radius ur: 
1.000000	
Matrix A: 
0.018561	0.573557	-0.157200	-0.040742	-0.014026	
0.573557	-0.256808	-0.103426	-0.317758	-0.288547	
-0.157200	-0.103426	-0.771996	0.341232	-0.045336	
-0.040742	-0.317758	0.341232	-0.015885	-0.339081	
-0.014026	-0.288547	-0.045336	-0.339081	-0.025697	
Matrix B: 
0.000000	
-0.603013	
-1.923276	
-1.200161	
0.856848	
Matrix C: 
1.208185	0.000000	0.000000	0.000000	0.907134	
Matrix D: 
-1.379004	
16 	16 	16 	16 	16 	16 	
5.397236e+02 	7.389251e+02 	1.022087e+03 	7.125588e+02 	4.115668e+02 	2.790275e+02 	

<-----Result-----> Step 1: MSB in mpfi format
6 1 
[1.0539e1,1.0540e1]	
[1.0993e1,1.0994e1]	
[1.1465e1,1.1466e1]	
[1.0942e1,1.0943e1]	
[1.0150e1,1.0151e1]	
[9.5925,9.5926]	

 <---------Debug-------->
WCPG_Hz1 matrix: 
6 1 
1.488595513e3	
2.038560953e3	
2.827794596e3	
1.968304577e3	
1.136358334e3	
7.720421179e2	

 <---------Debug-------->
WCPG_Delta matrix: 
6 6 
7.912998592e2	1.082349642e3	1.495551541e3	1.042965526e3	6.025424192e2	0	
1.082349642e3	1.482792438e3	2.046819963e3	1.427965375e3	8.252942131e2	0	
1.495551541e3	2.046819963e3	2.836711201e3	1.975319163e3	1.140144481e3	0	
1.042965526e3	1.427965375e3	1.975319163e3	1.377937055e3	7.955312226e2	0	
6.025424192e2	8.252942131e2	1.140144481e3	7.955312226e2	4.605859583e2	0	
4.095230983e2	5.591135889e2	7.727213513e2	5.390999211e2	3.120462897e2	1.000000000	

