This filter had 3 additional steps with w= 16
Filter order: 5.
Number of inputs: 1 
Number of outputs: 1 
Input radius ur: 
1.000000	
Matrix A: 
0.018561	0.573557	-0.157200	-0.040742	-0.014026	
0.573557	-0.256808	-0.103426	-0.317758	-0.288547	
-0.157200	-0.103426	-0.771996	0.341232	-0.045336	
-0.040742	-0.317758	0.341232	-0.015885	-0.339081	
-0.014026	-0.288547	-0.045336	-0.339081	-0.025697	
Matrix B: 
0.000000	
-0.603013	
-1.923276	
-1.200161	
0.856848	
Matrix C: 
1.208185	0.000000	0.000000	0.000000	0.907134	
Matrix D: 
-1.379004	
16 	16 	16 	16 	16 	16 	
5.397236e+02 	7.389251e+02 	1.022087e+03 	7.125588e+02 	4.115668e+02 	2.790275e+02 	
This filter had 4 additional steps with w= 15
Filter order: 5.
Number of inputs: 1 
Number of outputs: 1 
Input radius ur: 
1.000000	
Matrix A: 
0.018561	0.573557	-0.157200	-0.040742	-0.014026	
0.573557	-0.256808	-0.103426	-0.317758	-0.288547	
-0.157200	-0.103426	-0.771996	0.341232	-0.045336	
-0.040742	-0.317758	0.341232	-0.015885	-0.339081	
-0.014026	-0.288547	-0.045336	-0.339081	-0.025697	
Matrix B: 
0.000000	
-0.603013	
-1.923276	
-1.200161	
0.856848	
Matrix C: 
1.208185	0.000000	0.000000	0.000000	0.907134	
Matrix D: 
-1.379004	
15 	15 	15 	15 	15 	15 	
2.158894e+03 	2.955700e+03 	4.088350e+03 	2.850235e+03 	1.646267e+03 	1.115985e+03 	
This filter had 3 additional steps with w= 16
Filter order: 5.
Number of inputs: 1 
Number of outputs: 1 
Input radius ur: 
1.000000	
Matrix A: 
0.018561	0.573557	-0.157200	-0.040742	-0.014026	
0.573557	-0.256808	-0.103426	-0.317758	-0.288547	
-0.157200	-0.103426	-0.771996	0.341232	-0.045336	
-0.040742	-0.317758	0.341232	-0.015885	-0.339081	
-0.014026	-0.288547	-0.045336	-0.339081	-0.025697	
Matrix B: 
0.000000	
-0.603013	
-1.923276	
-1.200161	
0.856848	
Matrix C: 
1.208185	0.000000	0.000000	0.000000	0.907134	
Matrix D: 
-1.379004	
16 	16 	16 	16 	16 	16 	
5.397236e+02 	7.389251e+02 	1.022087e+03 	7.125588e+02 	4.115668e+02 	2.790275e+02 	
This filter had 3 additional steps with w= 16
Filter order: 5.
Number of inputs: 1 
Number of outputs: 1 
Input radius ur: 
1.000000	
Matrix A: 
0.018561	0.573557	-0.157200	-0.040742	-0.014026	
0.573557	-0.256808	-0.103426	-0.317758	-0.288547	
-0.157200	-0.103426	-0.771996	0.341232	-0.045336	
-0.040742	-0.317758	0.341232	-0.015885	-0.339081	
-0.014026	-0.288547	-0.045336	-0.339081	-0.025697	
Matrix B: 
0.000000	
-0.603013	
-1.923276	
-1.200161	
0.856848	
Matrix C: 
1.208185	0.000000	0.000000	0.000000	0.907134	
Matrix D: 
-1.379004	
16 	16 	16 	16 	16 	16 	
5.397236e+02 	7.389251e+02 	1.022087e+03 	7.125588e+02 	4.115668e+02 	2.790275e+02 	
This filter had 3 additional steps with w= 16
Filter order: 5.
Number of inputs: 1 
Number of outputs: 1 
Input radius ur: 
1.000000	
Matrix A: 
0.018561	0.573557	-0.157200	-0.040742	-0.014026	
0.573557	-0.256808	-0.103426	-0.317758	-0.288547	
-0.157200	-0.103426	-0.771996	0.341232	-0.045336	
-0.040742	-0.317758	0.341232	-0.015885	-0.339081	
-0.014026	-0.288547	-0.045336	-0.339081	-0.025697	
Matrix B: 
0.000000	
-0.603013	
-1.923276	
-1.200161	
0.856848	
Matrix C: 
1.208185	0.000000	0.000000	0.000000	0.907134	
Matrix D: 
-1.379004	
16 	16 	16 	16 	16 	16 	
5.397236e+02 	7.389251e+02 	1.022087e+03 	7.125588e+02 	4.115668e+02 	2.790275e+02 	
This filter had 3 additional steps with w= 16
Filter order: 5.
Number of inputs: 1 
Number of outputs: 1 
Input radius ur: 
1.000000	
Matrix A: 
0.018561	0.573557	-0.157200	-0.040742	-0.014026	
0.573557	-0.256808	-0.103426	-0.317758	-0.288547	
-0.157200	-0.103426	-0.771996	0.341232	-0.045336	
-0.040742	-0.317758	0.341232	-0.015885	-0.339081	
-0.014026	-0.288547	-0.045336	-0.339081	-0.025697	
Matrix B: 
0.000000	
-0.603013	
-1.923276	
-1.200161	
0.856848	
Matrix C: 
1.208185	0.000000	0.000000	0.000000	0.907134	
Matrix D: 
-1.379004	
16 	16 	16 	16 	16 	16 	
5.397236e+02 	7.389251e+02 	1.022087e+03 	7.125588e+02 	4.115668e+02 	2.790275e+02 	
This filter had 3 additional steps with w= 16
Filter order: 5.
Number of inputs: 1 
Number of outputs: 1 
Input radius ur: 
1.000000	
Matrix A: 
0.018561	0.573557	-0.157200	-0.040742	-0.014026	
0.573557	-0.256808	-0.103426	-0.317758	-0.288547	
-0.157200	-0.103426	-0.771996	0.341232	-0.045336	
-0.040742	-0.317758	0.341232	-0.015885	-0.339081	
-0.014026	-0.288547	-0.045336	-0.339081	-0.025697	
Matrix B: 
0.000000	
-0.603013	
-1.923276	
-1.200161	
0.856848	
Matrix C: 
1.208185	0.000000	0.000000	0.000000	0.907134	
Matrix D: 
-1.379004	
16 	16 	16 	16 	16 	16 	
5.397236e+02 	7.389251e+02 	1.022087e+03 	7.125588e+02 	4.115668e+02 	2.790275e+02 	
This filter had 3 additional steps with w= 16
Filter order: 5.
Number of inputs: 1 
Number of outputs: 1 
Input radius ur: 
1.000000	
Matrix A: 
0.018561	0.573557	-0.157200	-0.040742	-0.014026	
0.573557	-0.256808	-0.103426	-0.317758	-0.288547	
-0.157200	-0.103426	-0.771996	0.341232	-0.045336	
-0.040742	-0.317758	0.341232	-0.015885	-0.339081	
-0.014026	-0.288547	-0.045336	-0.339081	-0.025697	
Matrix B: 
0.000000	
-0.603013	
-1.923276	
-1.200161	
0.856848	
Matrix C: 
1.208185	0.000000	0.000000	0.000000	0.907134	
Matrix D: 
-1.379004	
16 	16 	16 	16 	16 	16 	
5.397236e+02 	7.389251e+02 	1.022087e+03 	7.125588e+02 	4.115668e+02 	2.790275e+02 	
This filter had 3 additional steps with w= 16
Filter order: 5.
Number of inputs: 1 
Number of outputs: 1 
Input radius ur: 
352401.000000	
Matrix A: 
0.018561	0.573557	-0.157200	-0.040742	-0.014026	
0.573557	-0.256808	-0.103426	-0.317758	-0.288547	
-0.157200	-0.103426	-0.771996	0.341232	-0.045336	
-0.040742	-0.317758	0.341232	-0.015885	-0.339081	
-0.014026	-0.288547	-0.045336	-0.339081	-0.025697	
Matrix B: 
0.000000	
-0.603013	
-1.923276	
-1.200161	
0.856848	
Matrix C: 
1.208185	0.000000	0.000000	0.000000	0.907134	
Matrix D: 
-1.379004	
16 	16 	16 	16 	16 	16 	
2.133282e+08 	2.920298e+08 	4.040707e+08 	2.816422e+08 	1.626683e+08 	1.102881e+08 	
This filter had 3 additional steps with w= 16
Filter order: 5.
Number of inputs: 1 
Number of outputs: 1 
Input radius ur: 
1.000000	
Matrix A: 
0.018561	0.573557	-0.157200	-0.040742	-0.014026	
0.573557	-0.256808	-0.103426	-0.317758	-0.288547	
-0.157200	-0.103426	-0.771996	0.341232	-0.045336	
-0.040742	-0.317758	0.341232	-0.015885	-0.339081	
-0.014026	-0.288547	-0.045336	-0.339081	-0.025697	
Matrix B: 
0.000000	
-0.603013	
-1.923276	
-1.200161	
0.856848	
Matrix C: 
1.208185	0.000000	0.000000	0.000000	0.907134	
Matrix D: 
-1.379004	
16 	16 	16 	16 	16 	16 	
5.397236e+02 	7.389251e+02 	1.022087e+03 	7.125588e+02 	4.115668e+02 	2.790275e+02 	
This filter had 3 additional steps with w= 16
Filter order: 5.
Number of inputs: 1 
Number of outputs: 1 
Input radius ur: 
1.000000	
Matrix A: 
0.018561	0.573557	-0.157200	-0.040742	-0.014026	
0.573557	-0.256808	-0.103426	-0.317758	-0.288547	
-0.157200	-0.103426	-0.771996	0.341232	-0.045336	
-0.040742	-0.317758	0.341232	-0.015885	-0.339081	
-0.014026	-0.288547	-0.045336	-0.339081	-0.025697	
Matrix B: 
0.000000	
-0.603013	
-1.923276	
-1.200161	
0.856848	
Matrix C: 
1.208185	0.000000	0.000000	0.000000	0.907134	
Matrix D: 
-1.379004	
16 	16 	16 	16 	16 	16 	
5.397236e+02 	7.389251e+02 	1.022087e+03 	7.125588e+02 	4.115668e+02 	2.790275e+02 	
This filter had 3 additional steps with w= 16
Filter order: 5.
Number of inputs: 1 
Number of outputs: 1 
Input radius ur: 
1.000000	
Matrix A: 
0.018561	0.573557	-0.157200	-0.040742	-0.014026	
0.573557	-0.256808	-0.103426	-0.317758	-0.288547	
-0.157200	-0.103426	-0.771996	0.341232	-0.045336	
-0.040742	-0.317758	0.341232	-0.015885	-0.339081	
-0.014026	-0.288547	-0.045336	-0.339081	-0.025697	
Matrix B: 
0.000000	
-0.603013	
-1.923276	
-1.200161	
0.856848	
Matrix C: 
1.208185	0.000000	0.000000	0.000000	0.907134	
Matrix D: 
-1.379004	
16 	16 	16 	16 	16 	16 	
5.397236e+02 	7.389251e+02 	1.022087e+03 	7.125588e+02 	4.115668e+02 	2.790275e+02 	
This filter had 3 additional steps with w= 16
Filter order: 5.
Number of inputs: 1 
Number of outputs: 1 
Input radius ur: 
1.000000	
Matrix A: 
0.018561	0.573557	-0.157200	-0.040742	-0.014026	
0.573557	-0.256808	-0.103426	-0.317758	-0.288547	
-0.157200	-0.103426	-0.771996	0.341232	-0.045336	
-0.040742	-0.317758	0.341232	-0.015885	-0.339081	
-0.014026	-0.288547	-0.045336	-0.339081	-0.025697	
Matrix B: 
0.000000	
-0.603013	
-1.923276	
-1.200161	
0.856848	
Matrix C: 
1.208185	0.000000	0.000000	0.000000	0.907134	
Matrix D: 
-1.379004	
16 	16 	16 	16 	16 	16 	
5.397236e+02 	7.389251e+02 	1.022087e+03 	7.125588e+02 	4.115668e+02 	2.790275e+02 	
This filter had 3 additional steps with w= 16
Filter order: 5.
Number of inputs: 1 
Number of outputs: 1 
Input radius ur: 
1.000000	
Matrix A: 
0.018561	0.573557	-0.157200	-0.040742	-0.014026	
0.573557	-0.256808	-0.103426	-0.317758	-0.288547	
-0.157200	-0.103426	-0.771996	0.341232	-0.045336	
-0.040742	-0.317758	0.341232	-0.015885	-0.339081	
-0.014026	-0.288547	-0.045336	-0.339081	-0.025697	
Matrix B: 
0.000000	
-0.603013	
-1.923276	
-1.200161	
0.856848	
Matrix C: 
1.208185	0.000000	0.000000	0.000000	0.907134	
Matrix D: 
-1.379004	
16 	16 	16 	16 	16 	16 	
5.397236e+02 	7.389251e+02 	1.022087e+03 	7.125588e+02 	4.115668e+02 	2.790275e+02 	
This filter had 3 additional steps with w= 16
Filter order: 5.
Number of inputs: 1 
Number of outputs: 1 
Input radius ur: 
1.000000	
Matrix A: 
0.018561	0.573557	-0.157200	-0.040742	-0.014026	
0.573557	-0.256808	-0.103426	-0.317758	-0.288547	
-0.157200	-0.103426	-0.771996	0.341232	-0.045336	
-0.040742	-0.317758	0.341232	-0.015885	-0.339081	
-0.014026	-0.288547	-0.045336	-0.339081	-0.025697	
Matrix B: 
0.000000	
-0.603013	
-1.923276	
-1.200161	
0.856848	
Matrix C: 
1.208185	0.000000	0.000000	0.000000	0.907134	
Matrix D: 
-1.379004	
16 	16 	16 	16 	16 	16 	
5.397236e+02 	7.389251e+02 	1.022087e+03 	7.125588e+02 	4.115668e+02 	2.790275e+02 	
This filter had 3 additional steps with w= 16
Filter order: 5.
Number of inputs: 1 
Number of outputs: 1 
Input radius ur: 
1.000000	
Matrix A: 
0.018561	0.573557	-0.157200	-0.040742	-0.014026	
0.573557	-0.256808	-0.103426	-0.317758	-0.288547	
-0.157200	-0.103426	-0.771996	0.341232	-0.045336	
-0.040742	-0.317758	0.341232	-0.015885	-0.339081	
-0.014026	-0.288547	-0.045336	-0.339081	-0.025697	
Matrix B: 
0.000000	
-0.603013	
-1.923276	
-1.200161	
0.856848	
Matrix C: 
1.208185	0.000000	0.000000	0.000000	0.907134	
Matrix D: 
-1.379004	
16 	16 	16 	16 	16 	16 	
5.397236e+02 	7.389251e+02 	1.022087e+03 	7.125588e+02 	4.115668e+02 	2.790275e+02 	
This filter had 3 additional steps with w= 16
Filter order: 5.
Number of inputs: 1 
Number of outputs: 1 
Input radius ur: 
1.000000	
Matrix A: 
0.018561	0.573557	-0.157200	-0.040742	-0.014026	
0.573557	-0.256808	-0.103426	-0.317758	-0.288547	
-0.157200	-0.103426	-0.771996	0.341232	-0.045336	
-0.040742	-0.317758	0.341232	-0.015885	-0.339081	
-0.014026	-0.288547	-0.045336	-0.339081	-0.025697	
Matrix B: 
0.000000	
-0.603013	
-1.923276	
-1.200161	
0.856848	
Matrix C: 
1.208185	0.000000	0.000000	0.000000	0.907134	
Matrix D: 
-1.379004	
16 	16 	16 	16 	16 	16 	
5.397236e+02 	7.389251e+02 	1.022087e+03 	7.125588e+02 	4.115668e+02 	2.790275e+02 	
This filter had 3 additional steps with w= 16
Filter order: 5.
Number of inputs: 1 
Number of outputs: 1 
Input radius ur: 
1.000000	
Matrix A: 
0.018561	0.573557	-0.157200	-0.040742	-0.014026	
0.573557	-0.256808	-0.103426	-0.317758	-0.288547	
-0.157200	-0.103426	-0.771996	0.341232	-0.045336	
-0.040742	-0.317758	0.341232	-0.015885	-0.339081	
-0.014026	-0.288547	-0.045336	-0.339081	-0.025697	
Matrix B: 
0.000000	
-0.603013	
-1.923276	
-1.200161	
0.856848	
Matrix C: 
1.208185	0.000000	0.000000	0.000000	0.907134	
Matrix D: 
-1.379004	
16 	16 	16 	16 	16 	16 	
5.397236e+02 	7.389251e+02 	1.022087e+03 	7.125588e+02 	4.115668e+02 	2.790275e+02 	
This filter had 3 additional steps with w= 16
Filter order: 5.
Number of inputs: 1 
Number of outputs: 1 
Input radius ur: 
1.000000	
Matrix A: 
0.018561	0.573557	-0.157200	-0.040742	-0.014026	
0.573557	-0.256808	-0.103426	-0.317758	-0.288547	
-0.157200	-0.103426	-0.771996	0.341232	-0.045336	
-0.040742	-0.317758	0.341232	-0.015885	-0.339081	
-0.014026	-0.288547	-0.045336	-0.339081	-0.025697	
Matrix B: 
0.000000	
-0.603013	
-1.923276	
-1.200161	
0.856848	
Matrix C: 
1.208185	0.000000	0.000000	0.000000	0.907134	
Matrix D: 
-1.379004	
16 	16 	16 	16 	16 	16 	
5.397236e+02 	7.389251e+02 	1.022087e+03 	7.125588e+02 	4.115668e+02 	2.790275e+02 	
This filter had 3 additional steps with w= 16
Filter order: 5.
Number of inputs: 1 
Number of outputs: 1 
Input radius ur: 
1.000000	
Matrix A: 
0.018561	0.573557	-0.157200	-0.040742	-0.014026	
0.573557	-0.256808	-0.103426	-0.317758	-0.288547	
-0.157200	-0.103426	-0.771996	0.341232	-0.045336	
-0.040742	-0.317758	0.341232	-0.015885	-0.339081	
-0.014026	-0.288547	-0.045336	-0.339081	-0.025697	
Matrix B: 
0.000000	
-0.603013	
-1.923276	
-1.200161	
0.856848	
Matrix C: 
1.208185	0.000000	0.000000	0.000000	0.907134	
Matrix D: 
-1.379004	
16 	16 	16 	16 	16 	16 	
5.397236e+02 	7.389251e+02 	1.022087e+03 	7.125588e+02 	4.115668e+02 	2.790275e+02 	
This filter had 3 additional steps with w= 16
Filter order: 5.
Number of inputs: 1 
Number of outputs: 1 
Input radius ur: 
1.000000	
Matrix A: 
0.018561	0.573557	-0.157200	-0.040742	-0.014026	
0.573557	-0.256808	-0.103426	-0.317758	-0.288547	
-0.157200	-0.103426	-0.771996	0.341232	-0.045336	
-0.040742	-0.317758	0.341232	-0.015885	-0.339081	
-0.014026	-0.288547	-0.045336	-0.339081	-0.025697	
Matrix B: 
0.000000	
-0.603013	
-1.923276	
-1.200161	
0.856848	
Matrix C: 
1.208185	0.000000	0.000000	0.000000	0.907134	
Matrix D: 
-1.379004	
16 	16 	16 	16 	16 	16 	
5.397236e+02 	7.389251e+02 	1.022087e+03 	7.125588e+02 	4.115668e+02 	2.790275e+02 	
This filter had 3 additional steps with w= 16
Filter order: 5.
Number of inputs: 1 
Number of outputs: 1 
Input radius ur: 
1.000000	
Matrix A: 
0.018561	0.573557	-0.157200	-0.040742	-0.014026	
0.573557	-0.256808	-0.103426	-0.317758	-0.288547	
-0.157200	-0.103426	-0.771996	0.341232	-0.045336	
-0.040742	-0.317758	0.341232	-0.015885	-0.339081	
-0.014026	-0.288547	-0.045336	-0.339081	-0.025697	
Matrix B: 
0.000000	
-0.603013	
-1.923276	
-1.200161	
0.856848	
Matrix C: 
1.208185	0.000000	0.000000	0.000000	0.907134	
Matrix D: 
-1.379004	
16 	16 	16 	16 	16 	16 	
5.397236e+02 	7.389251e+02 	1.022087e+03 	7.125588e+02 	4.115668e+02 	2.790275e+02 	
This filter had 3 additional steps with w= 16
Filter order: 5.
Number of inputs: 1 
Number of outputs: 1 
Input radius ur: 
1.000000	
Matrix A: 
0.018561	0.573557	-0.157200	-0.040742	-0.014026	
0.573557	-0.256808	-0.103426	-0.317758	-0.288547	
-0.157200	-0.103426	-0.771996	0.341232	-0.045336	
-0.040742	-0.317758	0.341232	-0.015885	-0.339081	
-0.014026	-0.288547	-0.045336	-0.339081	-0.025697	
Matrix B: 
0.000000	
-0.603013	
-1.923276	
-1.200161	
0.856848	
Matrix C: 
1.208185	0.000000	0.000000	0.000000	0.907134	
Matrix D: 
-1.379004	
16 	16 	16 	16 	16 	16 	
5.397236e+02 	7.389251e+02 	1.022087e+03 	7.125588e+02 	4.115668e+02 	2.790275e+02 	
This filter had 3 additional steps with w= 16
Filter order: 5.
Number of inputs: 1 
Number of outputs: 1 
Input radius ur: 
1.000000	
Matrix A: 
0.018561	0.573557	-0.157200	-0.040742	-0.014026	
0.573557	-0.256808	-0.103426	-0.317758	-0.288547	
-0.157200	-0.103426	-0.771996	0.341232	-0.045336	
-0.040742	-0.317758	0.341232	-0.015885	-0.339081	
-0.014026	-0.288547	-0.045336	-0.339081	-0.025697	
Matrix B: 
0.000000	
-0.603013	
-1.923276	
-1.200161	
0.856848	
Matrix C: 
1.208185	0.000000	0.000000	0.000000	0.907134	
Matrix D: 
-1.379004	
16 	16 	16 	16 	16 	16 	
5.397236e+02 	7.389251e+02 	1.022087e+03 	7.125588e+02 	4.115668e+02 	2.790275e+02 	
This filter had 3 additional steps with w= 16
Filter order: 5.
Number of inputs: 1 
Number of outputs: 1 
Input radius ur: 
1.000000	
Matrix A: 
0.018561	0.573557	-0.157200	-0.040742	-0.014026	
0.573557	-0.256808	-0.103426	-0.317758	-0.288547	
-0.157200	-0.103426	-0.771996	0.341232	-0.045336	
-0.040742	-0.317758	0.341232	-0.015885	-0.339081	
-0.014026	-0.288547	-0.045336	-0.339081	-0.025697	
Matrix B: 
0.000000	
-0.603013	
-1.923276	
-1.200161	
0.856848	
Matrix C: 
1.208185	0.000000	0.000000	0.000000	0.907134	
Matrix D: 
-1.379004	
16 	16 	16 	16 	16 	16 	
5.397236e+02 	7.389251e+02 	1.022087e+03 	7.125588e+02 	4.115668e+02 	2.790275e+02 	
This filter had 3 additional steps with w= 16
Filter order: 5.
Number of inputs: 1 
Number of outputs: 1 
Input radius ur: 
1.000000	
Matrix A: 
0.018561	0.573557	-0.157200	-0.040742	-0.014026	
0.573557	-0.256808	-0.103426	-0.317758	-0.288547	
-0.157200	-0.103426	-0.771996	0.341232	-0.045336	
-0.040742	-0.317758	0.341232	-0.015885	-0.339081	
-0.014026	-0.288547	-0.045336	-0.339081	-0.025697	
Matrix B: 
0.000000	
-0.603013	
-1.923276	
-1.200161	
0.856848	
Matrix C: 
1.208185	0.000000	0.000000	0.000000	0.907134	
Matrix D: 
-1.379004	
16 	16 	16 	16 	16 	16 	
5.397236e+02 	7.389251e+02 	1.022087e+03 	7.125588e+02 	4.115668e+02 	2.790275e+02 	
This filter had 3 additional steps with w= 16
Filter order: 5.
Number of inputs: 1 
Number of outputs: 1 
Input radius ur: 
1.000000	
Matrix A: 
0.018561	0.573557	-0.157200	-0.040742	-0.014026	
0.573557	-0.256808	-0.103426	-0.317758	-0.288547	
-0.157200	-0.103426	-0.771996	0.341232	-0.045336	
-0.040742	-0.317758	0.341232	-0.015885	-0.339081	
-0.014026	-0.288547	-0.045336	-0.339081	-0.025697	
Matrix B: 
0.000000	
-0.603013	
-1.923276	
-1.200161	
0.856848	
Matrix C: 
1.208185	0.000000	0.000000	0.000000	0.907134	
Matrix D: 
-1.379004	
16 	16 	16 	16 	16 	16 	
5.397236e+02 	7.389251e+02 	1.022087e+03 	7.125588e+02 	4.115668e+02 	2.790275e+02 	
This filter had 3 additional steps with w= 16
Filter order: 5.
Number of inputs: 1 
Number of outputs: 1 
Input radius ur: 
1.000000	
Matrix A: 
0.018561	0.573557	-0.157200	-0.040742	-0.014026	
0.573557	-0.256808	-0.103426	-0.317758	-0.288547	
-0.157200	-0.103426	-0.771996	0.341232	-0.045336	
-0.040742	-0.317758	0.341232	-0.015885	-0.339081	
-0.014026	-0.288547	-0.045336	-0.339081	-0.025697	
Matrix B: 
0.000000	
-0.603013	
-1.923276	
-1.200161	
0.856848	
Matrix C: 
1.208185	0.000000	0.000000	0.000000	0.907134	
Matrix D: 
-1.379004	
16 	16 	16 	16 	16 	16 	
5.397236e+02 	7.389251e+02 	1.022087e+03 	7.125588e+02 	4.115668e+02 	2.790275e+02 	
This filter had 3 additional steps with w= 16
Filter order: 5.
Number of inputs: 1 
Number of outputs: 1 
Input radius ur: 
1.000000	
Matrix A: 
0.018561	0.573557	-0.157200	-0.040742	-0.014026	
0.573557	-0.256808	-0.103426	-0.317758	-0.288547	
-0.157200	-0.103426	-0.771996	0.341232	-0.045336	
-0.040742	-0.317758	0.341232	-0.015885	-0.339081	
-0.014026	-0.288547	-0.045336	-0.339081	-0.025697	
Matrix B: 
0.000000	
-0.603013	
-1.923276	
-1.200161	
0.856848	
Matrix C: 
1.208185	0.000000	0.000000	0.000000	0.907134	
Matrix D: 
-1.379004	
16 	16 	16 	16 	16 	16 	
5.397236e+02 	7.389251e+02 	1.022087e+03 	7.125588e+02 	4.115668e+02 	2.790275e+02 	
This filter had 3 additional steps with w= 16
Filter order: 5.
Number of inputs: 1 
Number of outputs: 1 
Input radius ur: 
1.000000	
Matrix A: 
0.018561	0.573557	-0.157200	-0.040742	-0.014026	
0.573557	-0.256808	-0.103426	-0.317758	-0.288547	
-0.157200	-0.103426	-0.771996	0.341232	-0.045336	
-0.040742	-0.317758	0.341232	-0.015885	-0.339081	
-0.014026	-0.288547	-0.045336	-0.339081	-0.025697	
Matrix B: 
0.000000	
-0.603013	
-1.923276	
-1.200161	
0.856848	
Matrix C: 
1.208185	0.000000	0.000000	0.000000	0.907134	
Matrix D: 
-1.379004	
16 	16 	16 	16 	16 	16 	
5.397236e+02 	7.389251e+02 	1.022087e+03 	7.125588e+02 	4.115668e+02 	2.790275e+02 	
This filter had 3 additional steps with w= 16
Filter order: 5.
Number of inputs: 1 
Number of outputs: 1 
Input radius ur: 
1.000000	
Matrix A: 
0.018561	0.573557	-0.157200	-0.040742	-0.014026	
0.573557	-0.256808	-0.103426	-0.317758	-0.288547	
-0.157200	-0.103426	-0.771996	0.341232	-0.045336	
-0.040742	-0.317758	0.341232	-0.015885	-0.339081	
-0.014026	-0.288547	-0.045336	-0.339081	-0.025697	
Matrix B: 
0.000000	
-0.603013	
-1.923276	
-1.200161	
0.856848	
Matrix C: 
1.208185	0.000000	0.000000	0.000000	0.907134	
Matrix D: 
-1.379004	
16 	16 	16 	16 	16 	16 	
5.397236e+02 	7.389251e+02 	1.022087e+03 	7.125588e+02 	4.115668e+02 	2.790275e+02 	
This filter had 3 additional steps with w= 16
Filter order: 5.
Number of inputs: 1 
Number of outputs: 1 
Input radius ur: 
1.000000	
Matrix A: 
0.018561	0.573557	-0.157200	-0.040742	-0.014026	
0.573557	-0.256808	-0.103426	-0.317758	-0.288547	
-0.157200	-0.103426	-0.771996	0.341232	-0.045336	
-0.040742	-0.317758	0.341232	-0.015885	-0.339081	
-0.014026	-0.288547	-0.045336	-0.339081	-0.025697	
Matrix B: 
0.000000	
-0.603013	
-1.923276	
-1.200161	
0.856848	
Matrix C: 
1.208185	0.000000	0.000000	0.000000	0.907134	
Matrix D: 
-1.379004	
16 	16 	16 	16 	16 	16 	
5.397236e+02 	7.389251e+02 	1.022087e+03 	7.125588e+02 	4.115668e+02 	2.790275e+02 	
This filter had 3 additional steps with w= 16
Filter order: 5.
Number of inputs: 1 
Number of outputs: 1 
Input radius ur: 
1.000000	
Matrix A: 
0.018561	0.573557	-0.157200	-0.040742	-0.014026	
0.573557	-0.256808	-0.103426	-0.317758	-0.288547	
-0.157200	-0.103426	-0.771996	0.341232	-0.045336	
-0.040742	-0.317758	0.341232	-0.015885	-0.339081	
-0.014026	-0.288547	-0.045336	-0.339081	-0.025697	
Matrix B: 
0.000000	
-0.603013	
-1.923276	
-1.200161	
0.856848	
Matrix C: 
1.208185	0.000000	0.000000	0.000000	0.907134	
Matrix D: 
-1.379004	
16 	16 	16 	16 	16 	16 	
5.397236e+02 	7.389251e+02 	1.022087e+03 	7.125588e+02 	4.115668e+02 	2.790275e+02 	
This filter had 3 additional steps with w= 16
Filter order: 5.
Number of inputs: 1 
Number of outputs: 1 
Input radius ur: 
1.000000	
Matrix A: 
0.018561	0.573557	-0.157200	-0.040742	-0.014026	
0.573557	-0.256808	-0.103426	-0.317758	-0.288547	
-0.157200	-0.103426	-0.771996	0.341232	-0.045336	
-0.040742	-0.317758	0.341232	-0.015885	-0.339081	
-0.014026	-0.288547	-0.045336	-0.339081	-0.025697	
Matrix B: 
0.000000	
-0.603013	
-1.923276	
-1.200161	
0.856848	
Matrix C: 
1.208185	0.000000	0.000000	0.000000	0.907134	
Matrix D: 
-1.379004	
16 	16 	16 	16 	16 	16 	
5.397236e+02 	7.389251e+02 	1.022087e+03 	7.125588e+02 	4.115668e+02 	2.790275e+02 	
This filter had 3 additional steps with w= 16
Filter order: 5.
Number of inputs: 1 
Number of outputs: 1 
Input radius ur: 
1.000000	
Matrix A: 
0.018561	0.573557	-0.157200	-0.040742	-0.014026	
0.573557	-0.256808	-0.103426	-0.317758	-0.288547	
-0.157200	-0.103426	-0.771996	0.341232	-0.045336	
-0.040742	-0.317758	0.341232	-0.015885	-0.339081	
-0.014026	-0.288547	-0.045336	-0.339081	-0.025697	
Matrix B: 
0.000000	
-0.603013	
-1.923276	
-1.200161	
0.856848	
Matrix C: 
1.208185	0.000000	0.000000	0.000000	0.907134	
Matrix D: 
-1.379004	
16 	16 	16 	16 	16 	16 	
5.397236e+02 	7.389251e+02 	1.022087e+03 	7.125588e+02 	4.115668e+02 	2.790275e+02 	
This filter had 3 additional steps with w= 16
Filter order: 5.
Number of inputs: 1 
Number of outputs: 1 
Input radius ur: 
1.000000	
Matrix A: 
0.018561	0.573557	-0.157200	-0.040742	-0.014026	
0.573557	-0.256808	-0.103426	-0.317758	-0.288547	
-0.157200	-0.103426	-0.771996	0.341232	-0.045336	
-0.040742	-0.317758	0.341232	-0.015885	-0.339081	
-0.014026	-0.288547	-0.045336	-0.339081	-0.025697	
Matrix B: 
0.000000	
-0.603013	
-1.923276	
-1.200161	
0.856848	
Matrix C: 
1.208185	0.000000	0.000000	0.000000	0.907134	
Matrix D: 
-1.379004	
16 	16 	16 	16 	16 	16 	
5.397236e+02 	7.389251e+02 	1.022087e+03 	7.125588e+02 	4.115668e+02 	2.790275e+02 	
This filter had 3 additional steps with w= 16
Filter order: 5.
Number of inputs: 1 
Number of outputs: 1 
Input radius ur: 
1.000000	
Matrix A: 
0.018561	0.573557	-0.157200	-0.040742	-0.014026	
0.573557	-0.256808	-0.103426	-0.317758	-0.288547	
-0.157200	-0.103426	-0.771996	0.341232	-0.045336	
-0.040742	-0.317758	0.341232	-0.015885	-0.339081	
-0.014026	-0.288547	-0.045336	-0.339081	-0.025697	
Matrix B: 
0.000000	
-0.603013	
-1.923276	
-1.200161	
0.856848	
Matrix C: 
1.208185	0.000000	0.000000	0.000000	0.907134	
Matrix D: 
-1.379004	
16 	16 	16 	16 	16 	16 	
5.397236e+02 	7.389251e+02 	1.022087e+03 	7.125588e+02 	4.115668e+02 	2.790275e+02 	
This filter had 3 additional steps with w= 16
Filter order: 5.
Number of inputs: 1 
Number of outputs: 1 
Input radius ur: 
1.000000	
Matrix A: 
0.018561	0.573557	-0.157200	-0.040742	-0.014026	
0.573557	-0.256808	-0.103426	-0.317758	-0.288547	
-0.157200	-0.103426	-0.771996	0.341232	-0.045336	
-0.040742	-0.317758	0.341232	-0.015885	-0.339081	
-0.014026	-0.288547	-0.045336	-0.339081	-0.025697	
Matrix B: 
0.000000	
-0.603013	
-1.923276	
-1.200161	
0.856848	
Matrix C: 
1.208185	0.000000	0.000000	0.000000	0.907134	
Matrix D: 
-1.379004	
16 	16 	16 	16 	16 	16 	
5.397236e+02 	7.389251e+02 	1.022087e+03 	7.125588e+02 	4.115668e+02 	2.790275e+02 	
This filter had 3 additional steps with w= 16
Filter order: 5.
Number of inputs: 1 
Number of outputs: 1 
Input radius ur: 
1.000000	
Matrix A: 
0.018561	0.573557	-0.157200	-0.040742	-0.014026	
0.573557	-0.256808	-0.103426	-0.317758	-0.288547	
-0.157200	-0.103426	-0.771996	0.341232	-0.045336	
-0.040742	-0.317758	0.341232	-0.015885	-0.339081	
-0.014026	-0.288547	-0.045336	-0.339081	-0.025697	
Matrix B: 
0.000000	
-0.603013	
-1.923276	
-1.200161	
0.856848	
Matrix C: 
1.208185	0.000000	0.000000	0.000000	0.907134	
Matrix D: 
-1.379004	
16 	16 	16 	16 	16 	16 	
5.397236e+02 	7.389251e+02 	1.022087e+03 	7.125588e+02 	4.115668e+02 	2.790275e+02 	
This filter had 3 additional steps with w= 16
Filter order: 5.
Number of inputs: 1 
Number of outputs: 1 
Input radius ur: 
1.000000	
Matrix A: 
0.018561	0.573557	-0.157200	-0.040742	-0.014026	
0.573557	-0.256808	-0.103426	-0.317758	-0.288547	
-0.157200	-0.103426	-0.771996	0.341232	-0.045336	
-0.040742	-0.317758	0.341232	-0.015885	-0.339081	
-0.014026	-0.288547	-0.045336	-0.339081	-0.025697	
Matrix B: 
0.000000	
-0.603013	
-1.923276	
-1.200161	
0.856848	
Matrix C: 
1.208185	0.000000	0.000000	0.000000	0.907134	
Matrix D: 
-1.379004	
16 	16 	16 	16 	16 	16 	
5.397236e+02 	7.389251e+02 	1.022087e+03 	7.125588e+02 	4.115668e+02 	2.790275e+02 	
This filter had 2 additional steps with w= 7
Filter order: 6.
Number of inputs: 1 
Number of outputs: 3 
Input radius ur: 
1.956357	
Matrix A: 
-0.490557	-0.146167	0.080655	-0.208402	-0.017506	-0.110978	
-0.156820	-0.298648	0.059644	0.060201	-0.174797	0.053820	
0.060968	0.062605	-0.482632	-0.061753	0.103731	0.150902	
-0.199300	0.032954	-0.069784	-0.393386	-0.047463	-0.239499	
-0.019707	-0.181958	0.105018	-0.057481	-0.624918	-0.128699	
-0.124523	0.075800	0.137913	-0.226088	-0.143248	-0.390188	
Matrix B: 
-2.884399	
-0.828732	
-0.000000	
-0.723235	
2.467504	
-0.000000	
Matrix C: 
-0.239392	-0.000000	2.140965	0.629622	0.856809	-0.335819	
0.794454	0.109287	-0.369148	0.031706	0.048888	0.000000	
-0.017934	-0.071348	0.843494	0.000000	0.331862	-0.000000	
Matrix D: 
0.338137	
-0.000000	
-0.000000	
7 	7 	7 	7 	7 	7 	7 	7 	7 	
4.645777e+00 	2.237931e+00 	2.991416e+00 	3.628583e+00 	5.447094e+00 	4.364109e+00 	3.962723e+00 	5.900592e+00 	1.554023e+00 	
This filter had 5 additional steps with w= 6
Filter order: 6.
Number of inputs: 1 
Number of outputs: 3 
Input radius ur: 
1.956357	
Matrix A: 
-0.490557	-0.146167	0.080655	-0.208402	-0.017506	-0.110978	
-0.156820	-0.298648	0.059644	0.060201	-0.174797	0.053820	
0.060968	0.062605	-0.482632	-0.061753	0.103731	0.150902	
-0.199300	0.032954	-0.069784	-0.393386	-0.047463	-0.239499	
-0.019707	-0.181958	0.105018	-0.057481	-0.624918	-0.128699	
-0.124523	0.075800	0.137913	-0.226088	-0.143248	-0.390188	
Matrix B: 
-2.884399	
-0.828732	
-0.000000	
-0.723235	
2.467504	
-0.000000	
Matrix C: 
-0.239392	-0.000000	2.140965	0.629622	0.856809	-0.335819	
0.794454	0.109287	-0.369148	0.031706	0.048888	0.000000	
-0.017934	-0.071348	0.843494	0.000000	0.331862	-0.000000	
Matrix D: 
0.338137	
-0.000000	
-0.000000	
6 	6 	6 	6 	6 	6 	6 	6 	6 	
1.115171e+01 	5.627268e+00 	7.561865e+00 	9.392582e+00 	1.287702e+01 	1.059104e+01 	1.079960e+01 	1.411761e+01 	4.183906e+00 	
This filter had 2 additional steps with w= 12
Filter order: 6.
Number of inputs: 1 
Number of outputs: 1 
Input radius ur: 
1.000000	
Matrix A: 
0.188314	-0.981163	-0.004610	-0.005573	0.001298	0.001567	
0.981163	0.186027	0.005572	0.006736	-0.001569	-0.001894	
0.004610	0.005573	0.190455	-0.978576	-0.004727	-0.005706	
-0.005572	-0.006736	0.978576	0.182899	0.005714	0.006897	
0.001296	0.001566	0.004719	0.005704	0.193333	-0.975107	
-0.001568	-0.001896	-0.005712	-0.006905	0.975087	0.178694	
Matrix B: 
0.038930	
-0.047055	
0.049621	
-0.059980	
0.030760	
-0.037234	
Matrix C: 
-0.038926	-0.047058	0.049620	0.059981	-0.030811	-0.037192	
Matrix D: 
0.000000	
12 	12 	12 	12 	12 	12 	12 	
9.096848e+00 	9.096479e+00 	9.607146e+00 	9.606667e+00 	5.580032e+00 	5.579697e+00 	1.133075e+00 	
This filter had 3 additional steps with w= 11
Filter order: 6.
Number of inputs: 1 
Number of outputs: 1 
Input radius ur: 
1.000000	
Matrix A: 
0.188314	-0.981163	-0.004610	-0.005573	0.001298	0.001567	
0.981163	0.186027	0.005572	0.006736	-0.001569	-0.001894	
0.004610	0.005573	0.190455	-0.978576	-0.004727	-0.005706	
-0.005572	-0.006736	0.978576	0.182899	0.005714	0.006897	
0.001296	0.001566	0.004719	0.005704	0.193333	-0.975107	
-0.001568	-0.001896	-0.005712	-0.006905	0.975087	0.178694	
Matrix B: 
0.038930	
-0.047055	
0.049621	
-0.059980	
0.030760	
-0.037234	
Matrix C: 
-0.038926	-0.047058	0.049620	0.059981	-0.030811	-0.037192	
Matrix D: 
0.000000	
11 	11 	11 	11 	11 	11 	11 	
3.638739e+01 	3.638592e+01 	3.842858e+01 	3.842667e+01 	2.232013e+01 	2.231879e+01 	4.532298e+00 	
This filter had 2 additional steps with w= 12
Filter order: 6.
Number of inputs: 1 
Number of outputs: 1 
Input radius ur: 
1.000000	
Matrix A: 
0.188314	-0.981163	-0.004610	-0.005573	0.001298	0.001567	
0.981163	0.186027	0.005572	0.006736	-0.001569	-0.001894	
0.004610	0.005573	0.190455	-0.978576	-0.004727	-0.005706	
-0.005572	-0.006736	0.978576	0.182899	0.005714	0.006897	
0.001296	0.001566	0.004719	0.005704	0.193333	-0.975107	
-0.001568	-0.001896	-0.005712	-0.006905	0.975087	0.178694	
Matrix B: 
0.038930	
-0.047055	
0.049621	
-0.059980	
0.030760	
-0.037234	
Matrix C: 
-0.038926	-0.047058	0.049620	0.059981	-0.030811	-0.037192	
Matrix D: 
0.000000	
12 	12 	12 	12 	12 	12 	12 	
9.096848e+00 	9.096479e+00 	9.607146e+00 	9.606667e+00 	5.580032e+00 	5.579697e+00 	1.133075e+00 	
This filter had 3 additional steps with w= 11
Filter order: 6.
Number of inputs: 1 
Number of outputs: 1 
Input radius ur: 
1.000000	
Matrix A: 
0.188314	-0.981163	-0.004610	-0.005573	0.001298	0.001567	
0.981163	0.186027	0.005572	0.006736	-0.001569	-0.001894	
0.004610	0.005573	0.190455	-0.978576	-0.004727	-0.005706	
-0.005572	-0.006736	0.978576	0.182899	0.005714	0.006897	
0.001296	0.001566	0.004719	0.005704	0.193333	-0.975107	
-0.001568	-0.001896	-0.005712	-0.006905	0.975087	0.178694	
Matrix B: 
0.038930	
-0.047055	
0.049621	
-0.059980	
0.030760	
-0.037234	
Matrix C: 
-0.038926	-0.047058	0.049620	0.059981	-0.030811	-0.037192	
Matrix D: 
0.000000	
11 	11 	11 	11 	11 	11 	11 	
3.638739e+01 	3.638592e+01 	3.842858e+01 	3.842667e+01 	2.232013e+01 	2.231879e+01 	4.532298e+00 	
This filter had 2 additional steps with w= 12
Filter order: 6.
Number of inputs: 1 
Number of outputs: 1 
Input radius ur: 
1.000000	
Matrix A: 
0.188314	-0.981163	-0.004610	-0.005573	0.001298	0.001567	
0.981163	0.186027	0.005572	0.006736	-0.001569	-0.001894	
0.004610	0.005573	0.190455	-0.978576	-0.004727	-0.005706	
-0.005572	-0.006736	0.978576	0.182899	0.005714	0.006897	
0.001296	0.001566	0.004719	0.005704	0.193333	-0.975107	
-0.001568	-0.001896	-0.005712	-0.006905	0.975087	0.178694	
Matrix B: 
0.038930	
-0.047055	
0.049621	
-0.059980	
0.030760	
-0.037234	
Matrix C: 
-0.038926	-0.047058	0.049620	0.059981	-0.030811	-0.037192	
Matrix D: 
0.000000	
12 	12 	12 	12 	12 	12 	12 	
9.096848e+00 	9.096479e+00 	9.607146e+00 	9.606667e+00 	5.580032e+00 	5.579697e+00 	1.133075e+00 	
This filter had 3 additional steps with w= 11
Filter order: 6.
Number of inputs: 1 
Number of outputs: 1 
Input radius ur: 
1.000000	
Matrix A: 
0.188314	-0.981163	-0.004610	-0.005573	0.001298	0.001567	
0.981163	0.186027	0.005572	0.006736	-0.001569	-0.001894	
0.004610	0.005573	0.190455	-0.978576	-0.004727	-0.005706	
-0.005572	-0.006736	0.978576	0.182899	0.005714	0.006897	
0.001296	0.001566	0.004719	0.005704	0.193333	-0.975107	
-0.001568	-0.001896	-0.005712	-0.006905	0.975087	0.178694	
Matrix B: 
0.038930	
-0.047055	
0.049621	
-0.059980	
0.030760	
-0.037234	
Matrix C: 
-0.038926	-0.047058	0.049620	0.059981	-0.030811	-0.037192	
Matrix D: 
0.000000	
11 	11 	11 	11 	11 	11 	11 	
3.638739e+01 	3.638592e+01 	3.842858e+01 	3.842667e+01 	2.232013e+01 	2.231879e+01 	4.532298e+00 	
This filter had 2 additional steps with w= 12
Filter order: 6.
Number of inputs: 1 
Number of outputs: 1 
Input radius ur: 
1.000000	
Matrix A: 
0.188314	-0.981163	-0.004610	-0.005573	0.001298	0.001567	
0.981163	0.186027	0.005572	0.006736	-0.001569	-0.001894	
0.004610	0.005573	0.190455	-0.978576	-0.004727	-0.005706	
-0.005572	-0.006736	0.978576	0.182899	0.005714	0.006897	
0.001296	0.001566	0.004719	0.005704	0.193333	-0.975107	
-0.001568	-0.001896	-0.005712	-0.006905	0.975087	0.178694	
Matrix B: 
0.038930	
-0.047055	
0.049621	
-0.059980	
0.030760	
-0.037234	
Matrix C: 
-0.038926	-0.047058	0.049620	0.059981	-0.030811	-0.037192	
Matrix D: 
0.000000	
12 	12 	12 	12 	12 	12 	12 	
9.096848e+00 	9.096479e+00 	9.607146e+00 	9.606667e+00 	5.580032e+00 	5.579697e+00 	1.133075e+00 	
This filter had 3 additional steps with w= 11
Filter order: 6.
Number of inputs: 1 
Number of outputs: 1 
Input radius ur: 
1.000000	
Matrix A: 
0.188314	-0.981163	-0.004610	-0.005573	0.001298	0.001567	
0.981163	0.186027	0.005572	0.006736	-0.001569	-0.001894	
0.004610	0.005573	0.190455	-0.978576	-0.004727	-0.005706	
-0.005572	-0.006736	0.978576	0.182899	0.005714	0.006897	
0.001296	0.001566	0.004719	0.005704	0.193333	-0.975107	
-0.001568	-0.001896	-0.005712	-0.006905	0.975087	0.178694	
Matrix B: 
0.038930	
-0.047055	
0.049621	
-0.059980	
0.030760	
-0.037234	
Matrix C: 
-0.038926	-0.047058	0.049620	0.059981	-0.030811	-0.037192	
Matrix D: 
0.000000	
11 	11 	11 	11 	11 	11 	11 	
3.638739e+01 	3.638592e+01 	3.842858e+01 	3.842667e+01 	2.232013e+01 	2.231879e+01 	4.532298e+00 	
This filter had 2 additional steps with w= 12
Filter order: 6.
Number of inputs: 1 
Number of outputs: 1 
Input radius ur: 
1.000000	
Matrix A: 
0.188314	-0.981163	-0.004610	-0.005573	0.001298	0.001567	
0.981163	0.186027	0.005572	0.006736	-0.001569	-0.001894	
0.004610	0.005573	0.190455	-0.978576	-0.004727	-0.005706	
-0.005572	-0.006736	0.978576	0.182899	0.005714	0.006897	
0.001296	0.001566	0.004719	0.005704	0.193333	-0.975107	
-0.001568	-0.001896	-0.005712	-0.006905	0.975087	0.178694	
Matrix B: 
0.038930	
-0.047055	
0.049621	
-0.059980	
0.030760	
-0.037234	
Matrix C: 
-0.038926	-0.047058	0.049620	0.059981	-0.030811	-0.037192	
Matrix D: 
0.000000	
12 	12 	12 	12 	12 	12 	12 	
9.096848e+00 	9.096479e+00 	9.607146e+00 	9.606667e+00 	5.580032e+00 	5.579697e+00 	1.133075e+00 	
This filter had 3 additional steps with w= 11
Filter order: 6.
Number of inputs: 1 
Number of outputs: 1 
Input radius ur: 
1.000000	
Matrix A: 
0.188314	-0.981163	-0.004610	-0.005573	0.001298	0.001567	
0.981163	0.186027	0.005572	0.006736	-0.001569	-0.001894	
0.004610	0.005573	0.190455	-0.978576	-0.004727	-0.005706	
-0.005572	-0.006736	0.978576	0.182899	0.005714	0.006897	
0.001296	0.001566	0.004719	0.005704	0.193333	-0.975107	
-0.001568	-0.001896	-0.005712	-0.006905	0.975087	0.178694	
Matrix B: 
0.038930	
-0.047055	
0.049621	
-0.059980	
0.030760	
-0.037234	
Matrix C: 
-0.038926	-0.047058	0.049620	0.059981	-0.030811	-0.037192	
Matrix D: 
0.000000	
11 	11 	11 	11 	11 	11 	11 	
3.638739e+01 	3.638592e+01 	3.842858e+01 	3.842667e+01 	2.232013e+01 	2.231879e+01 	4.532298e+00 	
This filter had 2 additional steps with w= 12
Filter order: 6.
Number of inputs: 1 
Number of outputs: 1 
Input radius ur: 
1.000000	
Matrix A: 
0.188314	-0.981163	-0.004610	-0.005573	0.001298	0.001567	
0.981163	0.186027	0.005572	0.006736	-0.001569	-0.001894	
0.004610	0.005573	0.190455	-0.978576	-0.004727	-0.005706	
-0.005572	-0.006736	0.978576	0.182899	0.005714	0.006897	
0.001296	0.001566	0.004719	0.005704	0.193333	-0.975107	
-0.001568	-0.001896	-0.005712	-0.006905	0.975087	0.178694	
Matrix B: 
0.038930	
-0.047055	
0.049621	
-0.059980	
0.030760	
-0.037234	
Matrix C: 
-0.038926	-0.047058	0.049620	0.059981	-0.030811	-0.037192	
Matrix D: 
0.000000	
12 	12 	12 	12 	12 	12 	12 	
9.096848e+00 	9.096479e+00 	9.607146e+00 	9.606667e+00 	5.580032e+00 	5.579697e+00 	1.133075e+00 	
This filter had 3 additional steps with w= 11
Filter order: 6.
Number of inputs: 1 
Number of outputs: 1 
Input radius ur: 
1.000000	
Matrix A: 
0.188314	-0.981163	-0.004610	-0.005573	0.001298	0.001567	
0.981163	0.186027	0.005572	0.006736	-0.001569	-0.001894	
0.004610	0.005573	0.190455	-0.978576	-0.004727	-0.005706	
-0.005572	-0.006736	0.978576	0.182899	0.005714	0.006897	
0.001296	0.001566	0.004719	0.005704	0.193333	-0.975107	
-0.001568	-0.001896	-0.005712	-0.006905	0.975087	0.178694	
Matrix B: 
0.038930	
-0.047055	
0.049621	
-0.059980	
0.030760	
-0.037234	
Matrix C: 
-0.038926	-0.047058	0.049620	0.059981	-0.030811	-0.037192	
Matrix D: 
0.000000	
11 	11 	11 	11 	11 	11 	11 	
3.638739e+01 	3.638592e+01 	3.842858e+01 	3.842667e+01 	2.232013e+01 	2.231879e+01 	4.532298e+00 	
This filter had 2 additional steps with w= 12
Filter order: 6.
Number of inputs: 1 
Number of outputs: 1 
Input radius ur: 
1.000000	
Matrix A: 
0.188314	-0.981163	-0.004610	-0.005573	0.001298	0.001567	
0.981163	0.186027	0.005572	0.006736	-0.001569	-0.001894	
0.004610	0.005573	0.190455	-0.978576	-0.004727	-0.005706	
-0.005572	-0.006736	0.978576	0.182899	0.005714	0.006897	
0.001296	0.001566	0.004719	0.005704	0.193333	-0.975107	
-0.001568	-0.001896	-0.005712	-0.006905	0.975087	0.178694	
Matrix B: 
0.038930	
-0.047055	
0.049621	
-0.059980	
0.030760	
-0.037234	
Matrix C: 
-0.038926	-0.047058	0.049620	0.059981	-0.030811	-0.037192	
Matrix D: 
0.000000	
12 	12 	12 	12 	12 	12 	12 	
9.096848e+00 	9.096479e+00 	9.607146e+00 	9.606667e+00 	5.580032e+00 	5.579697e+00 	1.133075e+00 	
This filter had 3 additional steps with w= 11
Filter order: 6.
Number of inputs: 1 
Number of outputs: 1 
Input radius ur: 
1.000000	
Matrix A: 
0.188314	-0.981163	-0.004610	-0.005573	0.001298	0.001567	
0.981163	0.186027	0.005572	0.006736	-0.001569	-0.001894	
0.004610	0.005573	0.190455	-0.978576	-0.004727	-0.005706	
-0.005572	-0.006736	0.978576	0.182899	0.005714	0.006897	
0.001296	0.001566	0.004719	0.005704	0.193333	-0.975107	
-0.001568	-0.001896	-0.005712	-0.006905	0.975087	0.178694	
Matrix B: 
0.038930	
-0.047055	
0.049621	
-0.059980	
0.030760	
-0.037234	
Matrix C: 
-0.038926	-0.047058	0.049620	0.059981	-0.030811	-0.037192	
Matrix D: 
0.000000	
11 	11 	11 	11 	11 	11 	11 	
3.638739e+01 	3.638592e+01 	3.842858e+01 	3.842667e+01 	2.232013e+01 	2.231879e+01 	4.532298e+00 	
This filter had 2 additional steps with w= 12
Filter order: 6.
Number of inputs: 1 
Number of outputs: 1 
Input radius ur: 
1.000000	
Matrix A: 
0.188314	-0.981163	-0.004610	-0.005573	0.001298	0.001567	
0.981163	0.186027	0.005572	0.006736	-0.001569	-0.001894	
0.004610	0.005573	0.190455	-0.978576	-0.004727	-0.005706	
-0.005572	-0.006736	0.978576	0.182899	0.005714	0.006897	
0.001296	0.001566	0.004719	0.005704	0.193333	-0.975107	
-0.001568	-0.001896	-0.005712	-0.006905	0.975087	0.178694	
Matrix B: 
0.038930	
-0.047055	
0.049621	
-0.059980	
0.030760	
-0.037234	
Matrix C: 
-0.038926	-0.047058	0.049620	0.059981	-0.030811	-0.037192	
Matrix D: 
0.000000	
12 	12 	12 	12 	12 	12 	12 	
9.096848e+00 	9.096479e+00 	9.607146e+00 	9.606667e+00 	5.580032e+00 	5.579697e+00 	1.133075e+00 	
This filter had 3 additional steps with w= 11
Filter order: 6.
Number of inputs: 1 
Number of outputs: 1 
Input radius ur: 
1.000000	
Matrix A: 
0.188314	-0.981163	-0.004610	-0.005573	0.001298	0.001567	
0.981163	0.186027	0.005572	0.006736	-0.001569	-0.001894	
0.004610	0.005573	0.190455	-0.978576	-0.004727	-0.005706	
-0.005572	-0.006736	0.978576	0.182899	0.005714	0.006897	
