8 8
  7.80902070e-01   5.65564479e-01  -1.50766828e-01  -1.18122456e-01    4.34777487e-02  -2.65363596e-02   8.16471988e-03  -5.60982207e-03
  -5.65564479e-01   5.23847360e-01  -5.60398504e-01  -9.09846956e-02    1.13195159e-01  -1.96341250e-02   2.07738484e-02  -6.41568929e-03
  -1.50766828e-01   5.60398504e-01   4.24763064e-01   5.73751605e-01   -3.73780362e-02   1.00384560e-01  -7.16117763e-03   1.74131554e-02
   1.18122456e-01  -9.09846956e-02  -5.73751605e-01   3.32205872e-01   -5.59677734e-01  -2.93962585e-04  -8.06091089e-02   1.23094410e-02
   4.34777487e-02  -1.13195159e-01  -3.73780362e-02   5.59677734e-01    2.78870653e-01  -5.40296259e-01   2.85134802e-03  -7.30509297e-02
   2.65363596e-02  -1.96341250e-02  -1.00384560e-01  -2.93962585e-04    5.40296259e-01   2.85817364e-01  -5.23204125e-01   6.96295915e-02
   8.16471988e-03  -2.07738484e-02  -7.16117763e-03   8.06091089e-02    2.85134802e-03   5.23204125e-01   3.97497601e-01  -5.42785385e-01
   5.60982207e-03  -6.41568929e-03  -1.74131554e-02   1.23094410e-02    7.30509297e-02   6.96295915e-02   5.42785385e-01  7.35788986e-01

8 1 
-0.21968614
 -0.31678675
  0.39595444
  0.35759635
 -0.24639392
  0.12623824
 -0.0504209 
  0.01340449

1 8 
-0.21968614  0.31678675  0.39595444 -0.35759635 -0.24639392 -0.12623824  -0.0504209  -0.01340449

1 1
0.00389674

1 1 
1
